


color [75] [255, 255, 255, 255]
color [64] [203, 203, 203, 255]
merge [21] [31]
merge [100] [41]
merge [101] [51]
merge [102] [61]
merge [103] [71]
merge [104] [81]
color [105] [255, 255, 255, 255]
merge [95] [96]
merge [106] [97]
merge [107] [98]
color [108] [255, 255, 255, 255]
merge [6] [7]
merge [109] [8]
color [110] [255, 255, 255, 255]
merge [12] [22]
merge [111] [32]
merge [112] [42]
color [113] [255, 255, 255, 255]
merge [30] [40]
merge [114] [50]
merge [115] [60]
merge [116] [70]
merge [117] [80]
color [118] [255, 255, 255, 255]
merge [19] [29]
merge [119] [39]
merge [120] [49]
merge [121] [59]
merge [122] [69]
merge [123] [79]
color [124] [255, 255, 255, 255]
merge [66] [76]
merge [125] [86]
color [126] [255, 255, 255, 255]

merge [67] [68]
color [127] [255, 255, 255, 255]
color [78] [255, 255, 255, 255]
swap [47] [36]
swap [57] [35]
swap [15] [26]
merge [62] [63]
color [128] [255, 255, 255, 255]
color [73] [255, 255, 255, 255]
color [92] [255, 255, 255, 255]
